with mean_squared_logarithmic_error

opti = score
SGD = 0.6193053002650133
RMSprop = 0.4542574178708935
Adam = 0.6178184459222961
Adadelta = 0.6004526776338817
Adagrad = 0.6092578478923946
Adamax = 0.602152412620631
Nadam = 0.6117374668733436
Ftrl = 0.24996377818890944
