loss= 0.9305915832519531
accuracy= 0.5947999954223633